-1748016179028522709
8191235171522010687
5907489386472701148
-6957017458403778479
-5931872414819597936
-3059115924920481917
4746957877361887009
9118879495318440455
-6018816028132113268
4013721267321439879
-486622240809559662
-2167379577071258737
-3428385488906496425
-5923742391415688521
3745777804005580994
-1831452577302262685
1151973437484018866
2868858633239402603
4395591037108793159
3074682444556036077
-5655339901330032370
-6955972500864217098
-5430251127676834004
-2496971649456544834
3836268785620468854
1686545045000853119
1225407933381470979
4051832285900962444
-1902770066547696178
-5659982082305551279
-4059442364092153622
2625851744197867796
8267250878699909597
-4905945688977378966
7618324798449021693
-8397305690283731107
-4616627128913791594
1043300969870466984
1422806965629535242
5330721877763318626
7148834906470335333
-1809040522548725606
3135139831079961033
2494920299095812945
-4960683249942484611
-7641985483726498853
-7167644384905875170
3708830384868060203
1046643473880537219
8603951811275283338
1333939577319029104
4267807175964011398
-7070806605580432140
-1169341819382460685
6441224575451361035
-8018929541236159967
3303046912778741828
8070001783436309081
7735463474599878614
1427158963070293973
5113540434624867294
-2336082232637432262
931484219510328695
-4593000524946793319
-9058621936772232909
1805394585254113224
-2447796340764174025
-906719883520026046
-570760855242249301
-7206421891058143876
-5939634239487029774
-3759838807449554174
-7512168171377925170
2594617984566737727
-8600819131095426774
954999580538783399
530863208067377799
-115273428781452540
-6389610141442477644
7898548908018692221
3161319593591262281
-4316537370856062576
1386881618894711105
-4610787222514365810
-2051415222397086543
6087842888425225660
402638248768228202
-3237875301852076531
3862919550173322014
-6316256453426542159
2815851389545193816
-2645521500287049576
3366165462524975488
-3994661966931483453
6627632886549338848
5683407512690560363
-2896562165418690326
-28227388765847877
8287397473118186931
3163516018103648899
-1967304547450439907
-7413037001427842131
5359835103633281507
-548042631319954803
6957692703783386032
-7652871136344593874
-5061195337099492002
-8399998205096543018
2036236244412979931
-913932555568598170
973865567336010071
-4294740856303644669
-3890368334912804176
-24770889263160423
3420896090553859887
3305985198409942829
-3652733533352022851
-192032401054950210
202457128820538457
-5306676183385881450
-6915117941104390538
-6376403451170302191
-481347789462916271
7637762898266344713
-7230195055524148018
-5948654219745759349
7860532595083307618
6103817760712677681
-6425898646208400638
1314162654492017113
-1797057792587924811
-265120545861007041
-6986998149942036151
-7200618543169428475
7186664675076791147
6915173018115047159
3657288750970235031
5880806378864758926
2767897658398135048
-2312260723437864362
-2431424346547900849
3393388468148939222
6293480797951238857
-1612076626060573007
7980059420911756475
-6146926145990670697
-9000651490843522302
8222756946760460541
7506038877294149437
757673293895705030
-1579247028256595372
2729029146733341918
-1470298911579792090
-8663152718839696604
7250886955666351915
-4696767367252338272
-3383830297777750031
-7629900580896309537
6432158908933425035
398986189161823359
-6905671117895045291
-4195861724000223793
-4369043101716310089
7771617343360460627
6989764336930568424
-4829922196299222803
-3582042597858851326
-1054091042338632420
-6503703009890843570
-3051352919369059037
5189849345886064158
-4780054032889638018
-1297890309891728680
-8048704238191590632
-9046948898960652480
-7592024528583385769
7182830498913505646
-2975520662855690431
-4346011644503617893
-7757348061515378251
4815295777030026676
1023302065402541148
4065432838393631883
-7277607949973392908
-2819350305962960925
5321493265687172401
-8605153159697341572
-8517077599656077204
2119353580413369546
9088934049423443485
7884589040691106650
5121650539717266181
-7485981990811994772
9123532496369401311
151151526166206832
-8968387218637045806
-1003438317605912168
-8043780780025163443
5605503632209909825
-6353519343659504512
3397116013491577715
-5480744663495470448
-5743702707580557229
2883559086323252681
4179381724848736816
8882817439480279785
-648073770416426131
5419837559525034601
4103950058213895603
4936361424906792941
3293394073772179423
-8855872849049037376
-7988683977372808832
-1682850389853195718
-189874010936252902
6673323449237306228
-5831192167772411602
-6334252016914385928
-4664863421597534824
2078312776897737461
2118819552938650561
-4178641361801331915
8027917084319228288
-813984856875344950
-2113101884141669265
-2442217567697023770
3475450542699545895
-7957310349558410472
1882140013014697754
6106917428430335319
9001751195383392406
408849820927995505
6462463224745508779
1068340095550478906
-4679540922387425938
-8801100012036218924
4909299822626360305
3596787027089582427
8626045642367265501
-6155631176205144807
-8365926211851772006
4305527395485996477
-5057349540626073100
2701567304199849597
-7420966412557665520
9198831355101755758
-4949897125770283449
-587634918291652968
-1768660398678955919
-1672931229590329587
7636277862907038712
-582548638432824459
6788640780851691782
4464825423735122434
-1448159673870216999
-8210141790076708834
-3729058157175661749
-2902668432006249097
-6117107377250025013
-4957533460986371239
6951559696717468974
6739869343292350517
-7962478094441791333
8612425802187463697
5072599845935026449
-5793062367138516238
-3779636459627585813
-5995152009874077320
-3984225420991592940
1523064367570849576
2166117256493112110
1675818534471882350
-7362551806451663419
-5757071297411915
-1622011417356832068
2216033140681246093
1732657865330300666
-2499071480086065292
-264713442774950249
6437825260783823778
-5213410832855603616
8160015028656844268
-5908813470624360201
-7109462517730255406
6607591790502923089
-7423956569447325771
4474345667665893029
-6016916893600550013
8794007241217016343
-8032878944087137946
-7479271768294740760
-6483258538083198269
161419855154358623
-8219337570324840854
-3859206801484522283
-6869617845025418334
2429452394202214713
-159282973237331995
2364569650517618313
4520947688133984513
6624861332836061193
6488471953326617321
-4137478994112015304
5807588894609790857
-5660393565143069368
2060732196026955029
-3692521135825008399
-1513778151121525973
-3997137083943188639
-3325082466359006550
-8812447172821376259
6388806984412131845
4291655052599872691
5928374805215577733
-7071137486974124905
-6284321975407054154
-84325684826358117
-6577342553682227970
768966901168668795
-8905755338940693693
8986241837169432469
-5572514664732609000
8295630803565904795
3541179590496955411
76485977227656349
-8074680378901044917
-8315259673820432711
6716210249615605225
5176952765227835320
-9067111225871463704
9006507387847238714
-1823140743813209230
-4962528699106936502
-6834776519297152976
6288692710273629181
8471705919439126770
-7561976506249607229
399324013100860682
-5063391044135526536
-4514638144832969669
-5306197706832898080
2932763963689269683
-8986324351470084202
1007018203521820067
7479240121244382574
-9100917523959029035
-3964421278533930140
150429826611850865
7556745213094140324
6425999211505801617
3457494351268210875
1170948115424675971
2633292682313613811
4518233497507483260
3167481220963061696
-7745398390136581517
558948800178733309
-5066344855066183325
9016476547101170943
-7380618608131521237
-8752940378998958174
1562072658277296687
-7765899719695038736
535957511325591989
-7576820976576548575
-6785660095348006651
-7107609534253123961
8368611147259883088
1289556049336885074
6760644814110771684
716587793426497828
-8980198347385037523
4983492204266538827
2766912515143268702
-636980196992099816
-2076338135736999943
5758380535681773420
7671738817868601625
-2765322874598110769
-5739458192328540531
8179802709741976872
-1633101872661509761
-4247617899142489534
-7776374835543418259
-7512508048049106340
8587195360881827163
-7551758425540370253
6749151000422227361
-6110060488051714970
-8570427894067191499
5453546238601765455
3566622689329780647
9185606538851496057
5197413942987032034
3930671362054719574
3865825029650222729
3819196251258801157
548408266279985452
7120391583078806497
-2019769291367521785
-1480731755317613965
5828134660498722883
6861089758933791310
7019561824082769351
-7349973541206960241
8777138053931019187
4932147225303361955
-2792652654430188921
-5880666036899296941
4995020544910373580
6273481779215195516
-2669275031941326858
-1953449175154443404
1188813782916965825
8933568540430265505
-2644596199690927836
9140460782144102129
-7063207347637624959
1342757069634420730
-348288322029041796
6961432509392185318
-4413196006153369805
6930308980151245024
7249953870534906581
8067287300776247
538277528031516784
-7901688800252087649
6197539761086972348
-6325895953442720645
-5849548020686938644
-2449363688046054328
4207399162793710221
512393828013266278
-6529248233633734388
-2633130361085427517
-2300661034687011669
-4258730182838391740
7248031101329496758
-524803218353861956