1748016179028522883
-8191235171522010464
-5907489386472701198
6957017458403778682
5931872414819597960
3059115924920481602
-4746957877361887269
-9118879495318440764
6018816028132113030
-4013721267321439902
486622240809559776
2167379577071258686
3428385488906496438
5923742391415688436
-3745777804005582422
1831452577302262758
-1151973437484018837
-2868858633239402529
-4395591037108792981
-3074682444556036247
5655339901330032590
6955972500864216784
5430251127676833757
2496971649456544598
-3836268785620467370
-1686545045000852795
-1225407933381470224
-4051832285900962372
1902770066547696807
5659982082305551389
4059442364092153440
-2625851744197868025
-8267250878699908851
4905945688977378623
-7618324798449020475
8397305690283731914
4616627128913791828
-1043300969870466665
-1422806965629535649
-5330721877763318629
-7148834906470335647
1809040522548725572
-3135139831079961396
-2494920299095813177
4960683249942484518
7641985483726498784
7167644384905874160
-3708830384868060127
-1046643473880536713
-8603951811275283637
-1333939577319027488
-4267807175964010633
7070806605580431384
1169341819382461077
-6441224575451360938
8018929541236159895
-3303046912778742021
-8070001783436309145
-7735463474599878641
-1427158963070293753
-5113540434624867570
2336082232637432213
-931484219510328479
4593000524946792984
9058621936772233128
-1805394585254113437
2447796340764173715
906719883520026039
570760855242249004
7206421891058143794
5939634239487030096
3759838807449553812
7512168171377926014
-2594617984566737983
8600819131095425192
-954999580538785192
-530863208067377926
115273428781452389
6389610141442477639
-7898548908018692221
-3161319593591262318
4316537370856062690
-1386881618894711211
4610787222514366067
2051415222397086732
-6087842888425225664
-402638248768227884
3237875301852076247
-3862919550173321890
6316256453426542119
-2815851389545193564
2645521500287049438
-3366165462524975671
3994661966931483491
-6627632886549338688
-5683407512690560496
2896562165418690751
28227388765846852
-8287397473118187765
-3163516018103649216
1967304547450440430
7413037001427842070
-5359835103633281087
548042631319954776
-6957692703783386036
7652871136344593542
5061195337099491791
8399998205096542660
-2036236244412980116
913932555568597852
-973865567336010140
4294740856303644504
3890368334912804045
24770889263160295
-3420896090553860022
-3305985198409942693
3652733533352022974
192032401054950607
-202457128820537567
5306676183385881612
6915117941104390412
6376403451170302125
481347789462916262
-7637762898266345894
7230195055524147972
5948654219745759433
-7860532595083307809
-6103817760712677674
6425898646208400791
-1314162654492016914
1797057792587924042
265120545861006234
6986998149942036036
7200618543169428179
-7186664675076791433
-6915173018115047270
-3657288750970235294
-5880806378864758879
-2767897658398135202
2312260723437864224
2431424346547901091
-3393388468148939430
-6293480797951238743
1612076626060572714
-7980059420911756470
6146926145990670599
9000651490843521871
-8222756946760460817
-7506038877294149226
-757673293895704732
1579247028256594942
-2729029146733341906
1470298911579792035
8663152718839696669
-7250886955666351988
4696767367252338317
3383830297777749842
7629900580896309272
-6432158908933425284
-398986189161823466
6905671117895045151
4195861724000222390
4369043101716309830
-7771617343360459708
-6989764336930568084
4829922196299225102
3582042597858851052
1054091042338632645
6503703009890843725
3051352919369061405
-5189849345886063837
4780054032889637769
1297890309891729789
8048704238191590575
9046948898960649677
7592024528583388830
-7182830498913505235
2975520662855690436
4346011644503620519
7757348061515378390
-4815295777030026829
-1023302065402542188
-4065432838393631739
7277607949973391657
2819350305962960840
-5321493265687172476
8605153159697341771
8517077599656077062
-2119353580413369532
-9088934049423443521
-7884589040691106830
-5121650539717266075
7485981990811994788
-9123532496369401452
-151151526166206819
8968387218637046081
1003438317605912200
8043780780025163394
-5605503632209911249
6353519343659504364
-3397116013491577653
5480744663495470584
5743702707580557337
-2883559086323252456
-4179381724848736893
-8882817439480279631
648073770416426715
-5419837559525034587
-4103950058213895418
-4936361424906792853
-3293394073772179643
8855872849049037561
7988683977372809040
1682850389853195769
189874010936252861
-6673323449237305929
5831192167772411753
6334252016914385701
4664863421597534639
-2078312776897737678
-2118819552938650714
4178641361801331556
-8027917084319228251
813984856875345419
2113101884141669378
2442217567697024039
-3475450542699545747
7957310349558410574
-1882140013014697539
-6106917428430335112
-9001751195383392545
-408849820927995405
-6462463224745508649
-1068340095550478985
4679540922387425914
8801100012036218859
-4909299822626359982
-3596787027089582397
-8626045642367265211
6155631176205144872
8365926211851771932
-4305527395485996420
5057349540626073220
-2701567304199849383
7420966412557665718
-9198831355101755915
4949897125770283532
587634918291653029
1768660398678956114
1672931229590329777
-7636277862907038780
582548638432824618
-6788640780851691881
-4464825423735122334
1448159673870216804
8210141790076708943
3729058157175661531
2902668432006249243
6117107377250024872
4957533460986371229
-6951559696717468940
-6739869343292350596
7962478094441791355
-8612425802187463531
-5072599845935026275
5793062367138516336
3779636459627585544
5995152009874077192
3984225420991592973
-1523064367570849720
-2166117256493112018
-1675818534471882521
7362551806451663515
5757071297412064
1622011417356831997
-2216033140681245986
-1732657865330300713
2499071480086065486
264713442774950482
-6437825260783823785
5213410832855603409
-8160015028656844069
5908813470624360026
7109462517730255115
-6607591790502923216
7423956569447325710
-4474345667665892886
6016916893600549979
-8794007241217016266
8032878944087138245
7479271768294740671
6483258538083198257
-161419855154358481
8219337570324840786
3859206801484522437
6869617845025418372
-2429452394202214720
159282973237332099
-2364569650517618185
-4520947688133984542
-6624861332836061254
-6488471953326617083
4137478994112015449
-5807588894609790859
5660393565143069469
-2060732196026955022
3692521135825008308
1513778151121525765
3997137083943188488
3325082466359006632
8812447172821376135
-6388806984412131930
-4291655052599872699
-5928374805215577943
7071137486974125100
6284321975407054297
84325684826358317
6577342553682227811
-768966901168668952
8905755338940693762
-8986241837169432251
5572514664732608914
-8295630803565904776
-3541179590496955209
-76485977227656473
8074680378901045180
8315259673820432575
-6716210249615605155
-5176952765227835397
9067111225871463628
-9006507387847238794
1823140743813209255
4962528699106936756
6834776519297152750
-6288692710273629279
-8471705919439126557
7561976506249607282
-399324013100860881
5063391044135526678
4514638144832969847
5306197706832897854
-2932763963689269500
8986324351470084016
-1007018203521820484
-7479240121244382718
9100917523959028704
3964421278533930330
-150429826611850727
-7556745213094140495
-6425999211505801651
-3457494351268210849
-1170948115424675927
-2633292682313613800
-4518233497507483123
-3167481220963061375
7745398390136581576
-558948800178733153
5066344855066183452
-9016476547101170940
7380618608131521292
8752940378998958003
-1562072658277296786
7765899719695038576
-535957511325591840
7576820976576548568
6785660095348006836
7107609534253123970
-8368611147259883159
-1289556049336884946
-6760644814110771464
-716587793426497668
8980198347385037587
-4983492204266538643
-2766912515143268569
636980196992099581
2076338135737000030
-5758380535681773319
-7671738817868601825
2765322874598110790
5739458192328540544
-8179802709741976422
1633101872661511930
4247617899142492030
7776374835543418453
7512508048049108516
-8587195360881829182
7551758425540368012
-6749151000422224853
6110060488051712648
8570427894067191570
-5453546238601765332
-3566622689329780970
-9185606538851496310
-5197413942987032139
-3930671362054719846
-3865825029650222567
-3819196251258801236
-548408266279985552
-7120391583078806552
2019769291367522013
1480731755317613868
-5828134660498723208
-6861089758933791211
-7019561824082769068
7349973541206959905
-8777138053931019015
-4932147225303362185
2792652654430188564
5880666036899296899
-4995020544910373289
-6273481779215196201
2669275031941327232
1953449175154444543
-1188813782916965979
-8933568540430265188
2644596199690927451
-9140460782144102528
7063207347637626044
-1342757069634421113
348288322029041733
-6961432509392185155
4413196006153369837
-6930308980151245126
-7249953870534906652
-8067287300776391
-538277528031517090
7901688800252087800
-6197539761086972262
6325895953442720542
5849548020686938898
2449363688046054348
-4207399162793710451
-512393828013264266
6529248233633734567
2633130361085427364
2300661034687011312
4258730182838389799
-7248031101329496413
524803218353865774