1.00000000
0.01089831
0.00191091
0.01738133
0.01118138
0.00503701
-0.05072704
0.00333455
0.00203967
0.00494726
0.02363639
-0.00524610
-0.00442597
-0.05708511
-0.03377133
-0.06104738
-0.06158025
-0.05511571
0.04807996
-0.05300102
-0.04864720
-0.03604342
-0.06716961
-0.04292726
-0.03610718
-0.05031163
-0.02659284
-0.04883161
-0.05617195
-0.05052414
0.04796293
-0.04967332
-0.04569633
-0.03167984
-0.05489833
-0.04317145
-0.03341325
-0.06159654
-0.01010942
-0.07528295
-0.07248874
-0.05873439
0.12088706
-0.05315392
-0.04657793
-0.01561688
-0.08390008
-0.02678709
-0.01320780
0.00000000
0.00000000
0.00000000
0.00000000
0.00000000
0.00000000
0.00000000
0.00000000
0.00000000
0.00000000
0.00000000
0.00000000
0.05393576
0.03403114
0.05822248
0.05740516
0.05123821
-0.04305895
0.04913399
0.04531884
0.03480412
0.06340000
0.04001620
0.03411465
0.00000286
0.00000000
0.00000000
0.00000125
0.00000125
-0.00000008
0.00000072
0.00000347
-0.00000003
0.00000000
-0.00000016
0.00001847
0.00000000
0.00000000
0.00000000
0.00000000
0.00000000
0.00000000
0.00000000
0.00000000
0.00000000
0.00000000
0.00000000
0.00000000
0.00000000
0.00000000
0.00000000
0.00000000
0.00000000
0.00000000
0.00000000
0.00000000
0.00000000
0.00000000
0.00000000
0.00000000
0.00000000
0.00000000
0.00000000
0.00000000
0.00000000
0.00000000
0.00000000
0.00000000
0.00000000
0.00000000
0.00000000
0.00000000
0.04454639
0.02962133
0.04667256
0.04725508
0.04328340
-0.02086778
0.04219034
0.04004517
0.03456303
0.05103334
0.03614636
0.03306806
0.00000000
0.00000000
0.00000000
0.00000000
0.00000000
0.00000000
0.00000000
0.00000000
0.00000000
0.00000000
0.00000000
0.00000000
0.00000000
0.00000000
0.00000000
0.00000000
0.00000000
0.00000000
0.00000000
0.00000000
0.00000000
0.00000000
0.00000000
0.00000000
0.03228524
0.03026952
0.03420411
0.03176872
0.03139198
0.02917015
0.03164868
0.03094640
0.03369077
0.03567849
0.02945277
0.03353757
0.00000000
0.00000000
0.00000000
0.00000000
0.00000000
0.00000000
0.00000000
0.00000000
0.00000000
0.00000000
0.00000000
0.00000000
0.00000000
0.00000000
0.00000000
0.00000000
0.00000000
0.00000000
0.00000000
0.00000000
0.00000000
0.00000000
0.00000000
0.00000000
0.02027556
0.00127551
0.02492171
0.02541129
0.01911383
-0.08044399
0.01571924
0.01489749
-0.00155616
0.02993813
0.00529209
-0.00520471
0.03407344
0.03138456
0.03380001
0.03418723
0.03362581
0.02197871
0.03366023
0.03230503
0.03073746
0.03431173
0.03276968
0.03219536
0.03248791
0.03304841
0.03022945
0.03232019
0.03210719
0.02615041
0.03180882
0.03071791
0.02721900
0.02885385
0.03380182
0.02947633
0.00000000
0.00000000
0.00000000
0.00000000
0.00000000
0.00000000
0.00000000
0.00000000
0.00000000
0.00000000
0.00000000
0.00000000
0.00663216
-0.05439628
-0.04905076
-0.05681415
0.00000000
0.05091876
0.00000000
0.00000000
0.00000000
0.00000000
0.04294273
0.00000000
0.00000000
0.03172120
0.00000000
0.00000000
0.01842758
0.03357674
0.03201004
0.00000000
0.03495517
0.03592566
0.03595035
0.03521363
0.00000000
0.03385228
-0.00000028
0.00000000
0.00000000
0.00000000
0.03358606
0.00000000
0.00000000
0.03486596
0.00000000
0.00000000
0.03527555
0.03489614
0.03393199
0.00000000
0.00000000
0.00000000
0.00000000
0.00000000
0.00000000
0.00000000
0.00000000
0.00000000
0.00000000
0.00000000
0.00000000
0.00000000
0.00000000
0.00000000
0.00000000
0.00000000
0.00000000
0.00000000
0.00000000
0.00000000
0.03999078
0.03873762
0.03649456
0.03921219
0.00000000
0.03217795
-0.00000117
0.00000000
0.00000000
0.00000000
0.02874520
0.00000000
0.00000000
0.03505391
0.00000000
0.00000000
0.03808878
0.03493530
0.03185594
0.00000000
0.00383902
0.00355111
0.00370681
0.00475854
0.00000000
0.00260039
0.00000000
0.00000000
0.00000000
0.00000000
0.00300190
0.00000000
0.00000000
0.00306945
0.00000000
0.00000000
0.00361947
0.00325941
0.00291228
0.00000000
0.00535050
0.00622911
0.00624996
0.00532755
0.00000000
0.00482789
0.00000000
0.00000000
0.00000000
0.00000000
0.00205905
0.00000000
0.00000000
0.00610121
0.00000000
0.00000000
0.00584821
0.00620307
0.00495924
0.00000000
0.01162648
0.01163442
0.01166174
0.01159890
0.00000000
0.01164488
0.00000000
0.00000000
0.00000000
0.00000000
0.01167135
0.00000000
0.00000000
0.01163159
0.00000000
0.00000000
0.01162441
0.01163524
0.01165266
0.00000000
-0.00718036
-0.00891641
-0.00987116
-0.00979510
0.00000000
-0.00883697
0.00000000
0.00000000
0.00000000
0.00000000
-0.00926074
0.00000000
0.00000000
-0.00878447
0.00000000
0.00000000
-0.00879245
-0.00956460
-0.00944491
0.00000000
-0.03876493
-0.03822942
-0.03683631
-0.03844240
0.00000000
-0.03439097
0.00000058
0.00000000
0.00000000
0.00000000
-0.03194411
0.00000000
0.00000000
-0.03597564
0.00000000
0.00000000
-0.03776928
-0.03597423
-0.03399297
0.00000000
0.00962918
0.00924888
0.00879483
0.00949099
0.00000000
0.00861396
0.00000000
0.00000000
0.00000000
0.00000000
0.00817382
0.00000000
0.00000000
0.00895908
0.00000000
0.00000000
0.00910558
0.00903077
0.00867245
0.00000000
0.03268911
0.03501709
0.03627449
0.03360309
0.00000000
0.03495235
0.00000167
0.00000000
0.00000000
0.00000000
0.03591830
0.00000000
0.00000000
0.03497231
0.00000000
0.00000000
0.03421629
0.03512734
0.03513923
0.00000000
-0.00007460
-0.00015647
-0.00008178
-0.00007543
0.00000000
-0.00001008
0.00000000
0.00000000
0.00000000
0.00000000
0.00000000
0.00000000
0.00000000
-0.00009557
0.00000000
0.00000000
-0.00008211
-0.00011885
-0.00001531
0.00000000
0.02343012
0.02359171
0.02347419
0.02353510
0.00000000
0.02303632
-0.00000028
0.00000000
0.00000000
0.00000000
0.02293600
0.00000000
0.00000000
0.02329252
0.00000000
0.00000000
0.02347207
0.02331531
0.02305558
0.00000000
0.00071027
0.00149179
0.00078214
0.00073074
0.00000000
0.00009342
0.00000000
0.00000000
0.00000000
0.00000000
0.00000046
0.00000000
0.00000000
0.00091445
0.00000000
0.00000000
0.00077648
0.00113687
0.00014806
0.00000000
0.03649272
0.03829481
0.03902238
0.03691554
0.00000000
0.03621444
0.00000452
0.00000000
0.00000000
0.00000000
0.03590309
0.00000000
0.00000000
0.03732124
0.00000000
0.00000000
0.03743179
0.03743847
0.03630713
0.00000000
0.03121664
0.03188226
0.03189980
0.03140602
0.00000000
0.03036510
-0.00000027
0.00000000
0.00000000
0.00000000
0.03016187
0.00000000
0.00000000
0.03110923
0.00000000
0.00000000
0.03122371
0.03113780
0.03045549
0.00000000
0.03551063
0.00000000
0.05123466
0.00642996
0.00554770
0.01136504
-0.00353156
-0.04626427
0.00988936
0.02782267
0.00000000
0.02418143
0.00001276
0.03408726
0.03155130
0.01587640
0.00000000
0.01721926
-0.00409458
-0.01230171
0.00953743
0.01956962
0.02847233
-0.00680672
0.01847654
0.00000000
0.01412569
0.00000206
0.01607365
0.01515322
-0.02638577
0.00000000
-0.04130971
-0.01649155
-0.00065415
0.00245649
-0.10277306
-0.13031548
-0.01068412
-0.09879316
-0.00000152
-0.02729222
-0.00001207
0.04855369
-0.01782257
0.00214629
0.00000000
-0.00116948
-0.07900146
-0.00445324
0.00611278
-0.06186724
-0.10640717
-0.00925119
-0.05978117
-0.00000090
-0.04585725
-0.00000876
0.15635082
0.01057902
0.00803681
0.00000000
-0.00916606
-0.02252951
0.00049957
0.00593509
-0.01887410
-0.02511684
0.00972059
-0.01807074
0.00000663
0.00852831
0.00006924
0.00741595
0.00121102
-0.04282855
0.00000000
-0.02305175
-0.15666389
-0.01195291
0.00000056
-0.01343983
-0.00669456
-0.00598922
-0.00386417
-0.00000191
-0.04165613
-0.00002063
0.05926610
-0.10050124
0.03008799
0.00000000
0.03250338
-0.01623683
-0.01445453
0.00952312
0.03459665
0.03972791
-0.00819765
0.03373159
0.00000000
0.02051529
0.00000018
0.03000867
0.02418136
-0.00018980
0.00000000
0.00212359
0.00781773
-0.00716823
-0.00205532
0.00248692
0.00425735
-0.00974695
0.00197370
-0.00000200
0.00541395
-0.00003432
0.00168045
0.01918529
0.00689687
0.00000000
0.00695717
0.04279508
-0.00136270
0.00621814
0.00659887
0.00420410
-0.00675710
0.00658648
0.00000000
0.00701377
0.00000000
0.00695194
0.00688163
0.02705252
0.00000000
0.02822225
-0.01517670
-0.00388949
0.00949077
0.02963681
0.03332733
-0.00821784
0.02905530
0.00000000
0.02016926
-0.00000004
0.02703489
0.02336555
0.01998565
0.00000000
0.02004941
0.00943121
-0.00298800
0.00950304
0.02026453
0.02047503
-0.00795801
0.02013381
0.00000000
0.01927316
-0.00000004
0.01997432
0.01961135
-0.01230776
0.00000000
-0.01278323
-0.00707512
0.00128344
-0.00631852
-0.00850545
0.01076132
0.00940602
-0.00804178
0.00000000
-0.01306492
0.00000000
-0.01450977
-0.01213856
0.02991071
0.00000000
0.03201360
-0.01607461
-0.01374148
0.00951787
0.03335364
0.03709486
-0.00822902
0.03273527
0.00000000
0.02047614
0.00000498
0.02986852
0.02407922
0.02274629
-0.10841365
-0.13792598
-0.06455316
-0.00983244
0.03560553
-0.00095500
0.00564621
0.03029206
0.02031156
-0.00117970
0.03337990
-0.01144198
0.20483606
0.09882213
-0.00608966
-0.13079359
0.04123509
0.00449376
0.09333204
0.03064783
0.01471490
0.13980113
0.04058604
0.00050559
0.27687249
0.14553165
-0.06254868
-0.08917132
0.00064173
-0.07863066
0.16698910
0.01026320
0.00608300
0.18446203
0.00115147
0.10673027
0.54046357
0.34516454
-0.03910485
0.19387430
0.05086951
-0.04711958
0.16103518
0.02922699
0.01317106
0.12858309
0.06840497
0.00884950
-0.09728415
-0.02709250
0.02034937
0.01717714
0.02921221
-0.00303894
-0.00734681
0.02352824
0.01796409
-0.01766732
0.02830523
0.05271509
0.01130575
-0.06579141
0.03576992
0.02555040
0.01547760
0.14504063
-0.02760103
0.14178306
0.16537505
-0.17605726
0.01176491
-0.21447849
-0.31285018
0.15286800
0.02692610
-0.02821711
-0.09810129
0.12482795
