1.00000000
0.04873802
0.07453476
0.08888879
0.05197163
0.06283030
0.18366858
0.05803216
0.06300599
0.05815439
0.13356878
0.07888167
0.00584060
-0.02911840
-0.00989551
-0.05036619
-0.02709758
-0.02848865
-0.09311961
-0.02863497
-0.03349932
-0.04280681
-0.11445700
-0.05253704
-0.02271804
0.04569542
0.10614194
0.09470846
0.05091050
0.06907675
0.22142953
0.06073423
0.07618801
0.06192432
0.14481306
0.07952199
-0.01131329
-0.06944689
-0.12153134
-0.13084666
-0.07056339
-0.09254923
-0.29066744
-0.08566007
-0.09791303
-0.08061415
-0.18036917
-0.12312469
-0.01056209
0.00000000
0.00000000
0.00000000
0.00000000
0.00000000
0.00000000
0.00000000
0.00000000
0.00000000
0.00000000
0.00000000
0.00000000
0.05443306
0.06599073
0.09339523
0.05400029
0.06432095
0.19530319
0.05885474
0.07747789
0.08159587
0.17245056
0.09064847
0.02690902
0.00000000
0.00000000
0.00000000
0.00000000
0.00000000
0.00000000
0.00000000
0.00000000
0.00000000
0.00000000
0.00000000
-0.00000001
0.00000000
0.00000000
0.00000000
0.00000000
0.00000000
0.00000000
0.00000000
0.00000000
0.00000000
0.00000000
0.00000000
0.00000000
0.00000000
0.00000000
0.00000000
0.00000000
0.00000000
0.00000000
0.00000000
0.00000000
0.00000000
0.00000000
0.00000000
0.00000000
0.00000000
0.00000000
0.00000000
0.00000000
0.00000000
0.00000000
0.00000000
0.00000000
0.00000000
0.00000000
0.00000000
0.00000000
0.00393655
-0.02612975
-0.00983468
0.00142224
-0.00528899
-0.05871768
-0.00251918
-0.00410920
0.00372647
-0.00827865
-0.00171715
0.02395642
0.00000000
0.00000000
0.00000000
0.00000000
0.00000000
0.00000000
0.00000000
0.00000000
0.00000000
0.00000000
0.00000000
0.00000000
0.00000000
0.00000000
0.00000000
0.00000000
0.00000000
0.00000000
0.00000000
0.00000000
0.00000000
0.00000000
0.00000000
0.00000000
0.01260270
-0.01543082
-0.00774594
0.01288207
0.00485486
-0.07986593
0.00781399
0.00513929
0.00463592
-0.03248981
-0.00730611
0.03439702
0.00000000
0.00000000
0.00000000
0.00000000
0.00000000
0.00000000
0.00000000
0.00000000
0.00000000
0.00000000
0.00000000
0.00000000
0.00000000
0.00000000
0.00000000
0.00000000
0.00000000
0.00000000
0.00000000
0.00000000
0.00000000
0.00000000
0.00000000
0.00000000
0.03564793
0.07097834
0.07685969
0.03430693
0.04910945
0.19798520
0.04394948
0.04664940
0.04405424
0.11555202
0.07604524
-0.00364972
-0.00785877
-0.05686233
-0.03821452
-0.01215243
-0.02462919
-0.13211846
-0.01906125
-0.02783348
-0.01486734
-0.06144358
-0.02607265
0.02690777
0.04321798
0.05749498
0.07091017
0.04315995
0.05157270
0.14723635
0.04735784
0.06034886
0.06061000
0.12690169
0.06662312
0.02300519
0.00000000
0.00000000
0.00000000
0.00000000
0.00000000
0.00000000
0.00000000
0.00000000
0.00000000
0.00000000
0.00000000
0.00000000
0.05157146
-0.02599671
0.05469302
-0.07511700
0.00000000
0.05595607
0.00000000
0.00000000
0.00000000
0.00000000
0.00019967
0.00000000
0.00000000
0.01176357
0.00000000
0.00000000
0.03594996
-0.01485068
0.04532881
0.00000000
0.03230269
0.03569932
0.03644365
0.03479412
0.00000000
0.03218590
0.00000000
0.00000000
0.00000000
0.00000000
0.03394090
0.00000000
0.00000000
0.03413053
0.00000000
0.00000000
0.03361514
0.03446943
0.03325702
0.00000000
0.00000000
0.00000000
0.00000000
0.00000000
0.00000000
0.00000000
0.00000000
0.00000000
0.00000000
0.00000000
0.00000000
0.00000000
0.00000000
0.00000000
0.00000000
0.00000000
0.00000000
0.00000000
0.00000000
0.00000000
0.01671499
0.02429594
0.03165451
0.01485974
0.00000000
0.02763766
0.00000000
0.00000000
0.00000000
0.00000000
0.03496471
0.00000000
0.00000000
0.02661873
0.00000000
0.00000000
0.02212550
0.02596667
0.02884855
0.00000000
0.02465051
0.03266388
0.02494025
0.03094723
0.00000000
0.01333420
0.00000000
0.00000000
0.00000000
0.00000000
0.01064043
0.00000000
0.00000000
0.02932416
0.00000000
0.00000000
0.02752102
0.03143494
0.01608384
0.00000000
-0.01081406
-0.00689539
-0.00636761
-0.00598337
0.00000000
-0.00620548
0.00000000
0.00000000
0.00000000
0.00000000
-0.00458086
0.00000000
0.00000000
-0.00691805
0.00000000
0.00000000
-0.00670889
-0.00708559
-0.00595553
0.00000000
0.00736672
0.00755057
0.00771202
0.00743081
0.00000000
0.00770703
0.00000000
0.00000000
0.00000000
0.00000000
0.00785598
0.00000000
0.00000000
0.00763655
0.00000000
0.00000000
0.00755915
0.00761423
0.00771067
0.00000000
0.00086005
-0.00719123
-0.01314436
-0.00012344
0.00000000
-0.01411049
0.00000000
0.00000000
0.00000000
0.00000000
-0.01959553
0.00000000
0.00000000
-0.01095986
0.00000000
0.00000000
-0.00674272
-0.01005825
-0.01378530
0.00000000
-0.01049718
-0.02273925
-0.03395936
-0.00927711
0.00000000
-0.03136940
0.00000000
0.00000000
0.00000000
0.00000000
-0.04205670
0.00000000
0.00000000
-0.02755661
0.00000000
0.00000000
-0.02008570
-0.02617970
-0.03210997
0.00000000
-0.00287480
0.00798639
0.01503055
-0.02170837
0.00000000
0.11225634
0.00000000
0.00000000
0.00000000
0.00000000
-0.01439135
0.00000000
0.00000000
0.01715769
0.00000000
0.00000000
0.01167738
0.00315733
0.04181086
0.00000000
0.01293588
0.02565750
0.03684270
0.01228246
0.00000000
0.03396636
0.00000000
0.00000000
0.00000000
0.00000000
0.04480976
0.00000000
0.00000000
0.03034416
0.00000000
0.00000000
0.02282259
0.02890359
0.03465848
0.00000000
0.00000071
0.00000133
0.00000100
0.00000061
0.00000000
0.00000047
0.00000000
0.00000000
0.00000000
0.00000000
0.00000000
0.00000000
0.00000000
0.00000132
0.00000000
0.00000000
0.00000111
0.00000177
0.00000048
0.00000000
0.00284094
0.01389214
0.03082867
-0.01028065
0.00000000
0.03342359
0.00000000
0.00000000
0.00000000
0.00000000
0.04100025
0.00000000
0.00000000
0.02292510
0.00000000
0.00000000
0.01389242
0.01901676
0.03051570
0.00000000
0.00005810
0.00016025
0.00006085
0.00006998
0.00000000
0.00003359
0.00000000
0.00000000
0.00000000
0.00000000
0.00001491
0.00000000
0.00000000
0.00012645
0.00000000
0.00000000
0.00009006
0.00014399
0.00003752
0.00000000
0.00889051
0.02193943
0.03280116
0.00918424
0.00000000
0.03068674
0.00000000
0.00000000
0.00000000
0.00000000
0.04094904
0.00000000
0.00000000
0.02673395
0.00000000
0.00000000
0.01908606
0.02525868
0.03101099
0.00000000
0.02827436
0.02935750
0.02860431
0.02983004
0.00000000
0.02538877
0.00000000
0.00000000
0.00000000
0.00000000
0.02522745
0.00000000
0.00000000
0.02720571
0.00000000
0.00000000
0.02770150
0.02750343
0.02594598
0.00000000
0.02798463
0.00000000
-0.01422553
0.00159374
-0.01165172
0.00725248
0.01938540
0.03181406
0.02081652
-0.02880625
0.00000000
-0.04345310
0.00000063
-0.03005848
0.03077275
0.01563434
0.00000000
0.01695823
0.00020267
-0.00324802
0.01064929
0.01903458
0.02226222
-0.01035640
0.01713417
0.00000000
0.01266302
-0.00000069
0.01487966
0.01174331
0.00627409
0.00000000
0.00896072
-0.00000034
-0.01591455
0.00487575
0.01108395
0.02036487
-0.00733355
0.01029422
0.00000000
0.00785695
0.00000000
0.00921575
0.00571413
0.00647271
0.00000000
-0.01508971
-0.00016509
0.06416488
0.00981237
-0.04613198
-0.08473338
0.01169956
-0.03778266
0.00000000
-0.00794392
0.00000000
-0.02810372
0.01982389
0.01006138
0.00000000
0.00848272
0.00036860
0.00790959
-0.03012523
0.00032797
-0.00438099
-0.16756472
0.00000929
0.00000000
-0.18622106
-0.00000011
0.00928842
0.00866494
0.01164692
0.00000000
-0.00452080
-0.00000788
0.07822837
0.00718474
-0.00545450
-0.01854141
0.16242617
-0.02509363
0.00000000
-0.06323861
0.00000000
-0.07113072
0.05265710
0.02662949
0.00000000
0.03202446
0.00733686
-0.01361611
0.01076081
0.03076794
0.02916466
-0.01602328
0.02550532
0.00000000
-0.00301843
-0.00000274
0.02413569
0.01808174
0.00917524
0.00000000
0.01403699
0.00059865
-0.02211654
0.00335655
0.02146724
0.02418846
-0.17262375
0.02122925
0.00000000
0.10100052
0.00000033
0.01517195
0.01790396
0.00629583
0.00000000
0.00639012
0.00000785
-0.01940573
0.00590470
0.00641342
0.00609883
0.01743490
0.00635351
0.00000000
0.00635614
0.00000000
0.00634263
0.00635935
0.02087191
0.00000000
0.02162057
0.00039905
-0.01727639
0.01077360
0.02553219
0.02946314
-0.01038548
0.02228091
0.00000000
0.01387470
-0.00000001
0.01993489
0.01681511
0.01504863
0.00000000
0.01507314
-0.00039965
-0.01966593
0.01076159
0.01676564
0.01819044
-0.01047788
0.01526100
0.00000000
0.01296233
-0.00000003
0.01454632
0.01368090
-0.00664894
0.00000000
-0.06462727
-0.00059457
0.07542314
-0.01040486
-0.07492241
-0.10914228
-0.11188510
-0.05442826
0.00000000
-0.00220424
0.00000000
-0.03616205
0.00195862
0.02623162
0.00000000
0.03058282
0.00493334
-0.01431447
0.01076318
0.02921110
0.02714384
-0.01413155
0.02358687
0.00000000
-0.00386610
-0.00000264
0.02144810
0.01790141
0.01133884
0.01468080
-0.06069160
-0.05348545
-0.06161577
-0.02993355
0.06980489
0.00666639
0.02294393
0.01575765
-0.06792003
-0.03274956
0.00897238
-0.03106883
-0.13368106
0.03971072
-0.08930871
0.06295611
-0.06184003
-0.08614127
0.03446111
0.00796995
-0.18372980
0.05676807
0.01205782
-0.06500952
-0.30703107
0.11204474
-0.19126262
-0.06049583
0.02206439
-0.15707378
-0.05750147
-0.06516460
-0.27143982
-0.08941177
0.02222568
-0.02480455
-0.23586082
0.04801573
-0.09437779
0.05912577
-0.13675797
-0.08042277
0.00161350
-0.00004067
-0.15990004
0.03658754
0.01458018
-0.01601087
0.08947557
-0.04738995
0.08605455
0.03018330
-0.07122407
-0.00746171
0.01708238
0.01134843
0.23485216
0.02902572
0.07044490
0.07415277
0.09424875
-0.02282124
-0.09232268
-0.03114438
-0.17365426
-0.03153044
0.40592629
0.40812570
0.42636773
-0.04887325
-0.31325075
-0.32214332
-0.31286782
0.07254504
0.00032642
-0.27135670
0.20083889
