1.00000000
-0.03770877
-0.01809229
0.03228218
-0.03597128
-0.01396251
0.05784728
-0.02033892
-0.03765862
-0.11032099
-0.10788801
-0.01361766
-0.00216136
-0.07324032
-0.01727226
-0.00130458
-0.06314442
-0.04779975
0.03470377
-0.06329420
-0.06531370
-0.12767009
-0.13613942
-0.04323629
-0.03382532
-0.01519376
-0.04350530
-0.03589227
-0.01649103
-0.02378718
-0.06380181
-0.01974466
-0.02700841
-0.00498803
-0.00285744
-0.02946439
-0.02833115
-0.07072764
0.02462575
0.04328456
-0.04736346
-0.02887736
0.07513429
-0.05493850
-0.05621552
-0.14606039
-0.15796848
-0.01810785
-0.00081307
0.00000000
0.00000000
0.00000000
0.00000000
0.00000000
0.00000000
0.00000000
0.00000000
0.00000000
0.00000000
0.00000000
0.00000000
0.05545845
0.01700296
0.01364936
0.04771508
0.04076861
-0.00906188
0.05125664
0.05065516
0.08434737
0.09063990
0.03761888
0.03265649
0.00000000
0.00000000
0.00000000
0.00000000
0.00000000
0.00000000
0.00000000
0.00000000
0.00000000
0.00000000
0.00000000
0.00000000
0.00000000
0.00000000
0.00000000
0.00000000
0.00000000
0.00000000
0.00000000
0.00000000
0.00000000
0.00000000
0.00000000
0.00000000
0.00000000
0.00000000
0.00000000
0.00000000
0.00000000
0.00000000
0.00000000
0.00000000
0.00000000
0.00000000
0.00000000
0.00000000
0.00000000
0.00000000
0.00000000
0.00000000
0.00000000
0.00000000
0.00000000
0.00000000
0.00000000
0.00000000
0.00000000
0.00000000
0.06765550
0.01894252
0.00292599
0.05926183
0.04416446
-0.03100681
0.05720739
0.06056538
0.11607906
0.12270182
0.04006140
0.03136618
0.00000000
0.00000000
0.00000000
0.00000000
0.00000000
0.00000000
0.00000000
0.00000000
0.00000000
0.00000000
0.00000000
0.00000000
0.00000000
0.00000000
0.00000000
0.00000000
0.00000000
0.00000000
0.00000000
0.00000000
0.00000000
0.00000000
0.00000000
0.00000000
0.02146247
0.03128172
0.04797517
0.02239174
0.03044064
0.05843471
0.02747077
0.02150860
-0.00518494
-0.00387570
0.03046498
0.03552970
0.00000000
0.00000000
0.00000000
0.00000000
0.00000000
0.00000000
0.00000000
0.00000000
0.00000000
0.00000000
0.00000000
0.00000000
0.00000000
0.00000000
0.00000000
0.00000000
0.00000000
0.00000000
0.00000000
0.00000000
0.00000000
0.00000000
0.00000000
0.00000000
0.02573635
-0.01708271
-0.03260197
0.01695851
0.00535214
-0.05080360
0.01651116
0.01959648
0.06387398
0.07093008
0.00118195
-0.00802051
0.04413085
0.02765182
0.02096468
0.04186061
0.03598890
0.00738941
0.04045311
0.04191595
0.06198335
0.06436206
0.03490673
0.03193940
0.01694500
0.03562338
0.03535190
0.02020364
0.02434517
0.05030626
0.02041431
0.02226397
0.00763133
0.00388965
0.02760598
0.02905741
0.00000000
0.00000000
0.00000000
0.00000000
0.00000000
0.00000000
0.00000000
0.00000000
0.00000000
0.00000000
0.00000000
0.00000000
-0.02005515
-0.05215807
-0.02418822
-0.03588727
0.00000000
0.04311959
0.00000000
0.00000000
0.00000000
0.00000000
0.04799713
0.00000000
0.00000000
0.02814528
0.00000000
0.00000000
0.00912325
0.03744595
0.02395647
0.00000000
0.03619055
0.03707762
0.03711047
0.03644040
0.00000000
0.03481777
0.00000000
0.00000000
0.00000000
0.00000000
0.03460879
0.00000000
0.00000000
0.03592956
0.00000000
0.00000000
0.03641835
0.03601602
0.03506148
0.00000000
0.00000000
0.00000000
0.00000000
0.00000000
0.00000000
0.00000000
0.00000000
0.00000000
0.00000000
0.00000000
0.00000000
0.00000000
0.00000000
0.00000000
0.00000000
0.00000000
0.00000000
0.00000000
0.00000000
0.00000000
0.04488507
0.03782019
0.03323377
0.04344402
0.00000000
0.02722211
0.00000000
0.00000000
0.00000000
0.00000000
0.02521671
0.00000000
0.00000000
0.03312682
0.00000000
0.00000000
0.03613709
0.03267568
0.02803098
0.00000000
0.02758186
-0.00439211
-0.01911315
0.01873604
0.00000000
-0.03866075
0.00000000
0.00000000
0.00000000
0.00000000
-0.04968575
0.00000000
0.00000000
-0.01430210
0.00000000
0.00000000
-0.00647217
-0.01757856
-0.03399771
0.00000000
0.00040683
0.00102526
0.00074511
0.00030038
0.00000000
0.00024552
0.00000000
0.00000000
0.00000000
0.00000000
0.00015487
0.00000000
0.00000000
0.00086261
0.00000000
0.00000000
0.00061329
0.00097681
0.00027268
0.00000000
0.01083355
0.01086421
0.01089437
0.01081729
0.00000000
0.01087344
0.00000000
0.00000000
0.00000000
0.00000000
0.01088426
0.00000000
0.00000000
0.01086331
0.00000000
0.00000000
0.01085130
0.01086923
0.01087919
0.00000000
-0.00350489
-0.00696576
-0.00835615
-0.00517245
0.00000000
-0.00951661
0.00000000
0.00000000
0.00000000
0.00000000
-0.01029661
0.00000000
0.00000000
-0.00784186
0.00000000
0.00000000
-0.00719400
-0.00886557
-0.01040687
0.00000000
-0.04063941
-0.03739212
-0.03542788
-0.04051179
0.00000000
-0.03186625
0.00000000
0.00000000
0.00000000
0.00000000
-0.03136121
0.00000000
0.00000000
-0.03508430
0.00000000
0.00000000
-0.03627980
-0.03517496
-0.03263886
0.00000000
0.00650859
0.00650106
0.00650150
0.00648336
0.00000000
0.00647958
0.00000000
0.00000000
0.00000000
0.00000000
0.00647558
0.00000000
0.00000000
0.00648963
0.00000000
0.00000000
0.00648358
0.00648815
0.00648054
0.00000000
0.03105582
0.03527200
0.03754412
0.03235935
0.00000000
0.03690805
0.00000000
0.00000000
0.00000000
0.00000000
0.03800104
0.00000000
0.00000000
0.03578119
0.00000000
0.00000000
0.03477583
0.03639218
0.03715556
0.00000000
0.00000000
0.00000000
0.00000000
0.00000000
0.00000000
0.00000000
0.00000000
0.00000000
0.00000000
0.00000000
0.00000000
0.00000000
0.00000000
0.00000000
0.00000000
0.00000000
0.00000000
0.00000000
0.00000000
0.00000000
0.02480026
0.02492721
0.02489792
0.02478345
0.00000000
0.02461022
0.00000000
0.00000000
0.00000000
0.00000000
0.02458361
0.00000000
0.00000000
0.02477075
0.00000000
0.00000000
0.02481682
0.02478498
0.02464574
0.00000000
0.00000000
0.00000000
0.00000000
0.00000000
0.00000000
0.00000000
0.00000000
0.00000000
0.00000000
0.00000000
0.00000000
0.00000000
0.00000000
0.00000000
0.00000000
0.00000000
0.00000000
0.00000000
0.00000000
0.00000000
0.03705399
0.03777757
0.03786858
0.03709243
0.00000000
0.03616902
0.00000000
0.00000000
0.00000000
0.00000000
0.03599279
0.00000000
0.00000000
0.03698836
0.00000000
0.00000000
0.03720197
0.03710672
0.03636219
0.00000000
0.03148003
0.03206134
0.03208264
0.03157490
0.00000000
0.03055587
0.00000000
0.00000000
0.00000000
0.00000000
0.03039225
0.00000000
0.00000000
0.03128521
0.00000000
0.00000000
0.03139180
0.03134613
0.03071847
0.00000000
0.03625663
0.00000000
0.05053686
0.04998174
0.00000408
0.01066083
-0.00339933
-0.04287399
0.00647986
0.02811739
0.00000000
0.02495308
0.00000000
0.03657265
0.03146005
0.01595885
0.00000000
0.01688223
0.05096507
-0.00019334
0.00914353
0.01873893
0.02498875
-0.00646554
0.01780713
0.00000000
0.01379083
0.00000000
0.01602580
0.01495478
0.00934647
0.00000000
0.01029792
0.00003942
0.00000000
0.00174326
0.00973918
0.01012836
-0.00001359
0.01074034
0.00000000
0.00711888
0.00000000
0.00805575
0.00757963
0.00678775
0.00000000
-0.00061651
-0.20215338
-0.00000001
0.00615184
-0.01940404
-0.05756192
-0.00388065
-0.01328418
0.00000000
0.00668969
0.00000000
0.00719079
0.00669700
0.00700737
0.00000000
0.01826392
0.07862850
0.00006532
0.00001302
-0.01382632
-0.02361675
0.00020838
-0.01429622
0.00000000
-0.01472691
0.00000000
0.00699385
-0.00137679
-0.04054500
0.00000000
-0.01398061
-0.11091834
-0.00002402
0.00000000
-0.01212606
-0.00652567
0.00000000
-0.00633276
0.00000000
-0.09502739
0.00000000
-0.08109227
-0.00625258
0.03069098
0.00000000
0.03319079
-0.01237567
-0.00040122
0.00911875
0.03553337
0.04017459
-0.00648610
0.03450438
0.00000000
0.02122517
0.00000000
0.03076391
0.02457846
-0.00016601
0.00000000
0.00299188
0.01531196
-0.00000408
0.00189362
0.00617395
0.00825937
-0.00010709
0.00375918
0.00000000
0.02966471
0.00000000
0.00073767
0.01379903
0.00656009
0.00000000
0.00656085
-0.00011899
-0.00000446
0.00622335
0.00660318
0.00664426
-0.00604764
0.00656427
0.00000000
0.00652909
0.00000000
0.00655334
0.00653303
0.02738880
0.00000000
0.02854657
0.00663300
-0.00007968
0.00908704
0.03015066
0.03350125
-0.00647356
0.02935784
0.00000000
0.02072906
0.00000000
0.02732383
0.02369263
0.02034751
0.00000000
0.02044599
0.00332254
-0.00009897
0.00909907
0.02094118
0.02121472
-0.00647845
0.02059013
0.00000000
0.01928015
0.00000000
0.02030054
0.01972193
-0.00835860
0.00000000
-0.00838700
0.00002646
0.00000003
-0.00638349
-0.00882447
-0.00948113
0.00436632
-0.00846562
0.00000000
-0.00801946
0.00000000
-0.00835523
-0.00809710
0.03052501
0.00000000
0.03318834
0.03064075
-0.00025302
0.00911360
0.03553867
0.04026482
-0.00648403
0.03440075
0.00000000
0.02115718
0.00000000
0.03061890
0.02446271
0.02080400
0.00095318
-0.01869909
-0.06377386
0.01130523
0.03642651
0.00882201
0.00658246
0.03034274
0.02074268
-0.00852656
0.03585667
0.00228330
-0.00015233
-0.11615989
-0.05176852
0.06099185
0.03865218
-0.03299436
-0.00710616
0.02749027
0.01258074
-0.00601456
0.03790762
-0.04037782
-0.00007062
-0.07524884
-0.08454688
-0.00713298
-0.00006454
-0.11403039
-0.00027317
0.00609894
-0.00091667
-0.00049904
0.00051446
0.12012991
-0.00002806
0.04341282
-0.08076502
0.27024114
0.04271027
-0.04040792
-0.00504333
0.01827949
0.01253214
-0.00085017
0.04523218
0.00852105
-0.00583392
-0.01032974
-0.00740548
0.15601021
0.02983843
-0.00365910
-0.00653347
0.02387952
0.01730322
-0.00845765
0.02902997
-0.00167310
-0.04891001
-0.06677629
0.03558363
-0.02524826
-0.00864184
0.15778115
-0.02816287
0.16659153
0.20823780
-0.19201224
0.02180040
-0.11102429
-0.26263654
0.13424134
0.02736247
-0.01898503
-0.14134008
0.10589239
